solucion No. 1 para sistema difuso 0
solucion No. 1 para sistema difuso 0
solucion No. 1 para sistema difuso 0
solucion No. 1 para sistema difuso 0
7.241672546484762	1.5108527146105346	3.3961097017395274	7.133851223922641	9.090509648268664	5.2394085629195	8.124092873126026	3.172376513623083	4.871268958786042	5.652690020312995	2.4527438826811023	3.6773054273655394	2.069875341252855	5.572403675364047	8.966733690777003	4.630378757923735	2.5920962330318784	6.926011677807911	7.542819413605965	4.829448842749034	6.097141287566006	7.134296626086967	2.177151466793527	6.454385885909172
solucion No. 2 para sistema difuso 0
6.577513981936385	5.0222885345445825	3.614304605483878	3.412586201692816	2.114404586651705	3.4088201740445085	6.911104343000563	4.247840870388641	0.7951300974839962	4.3791034831502005	8.498831108281173	6.55824816519792	5.694352836610595	2.841944292954132	2.4780080283340906	5.20250506767192	6.426553383272471	6.199550535722243	4.376855144880599	6.4342899869338375	3.786252317661233	6.38949311369409	2.834653994964957	3.8835447793029183
solucion No. 3 para sistema difuso 0
2.8613427994243628	1.6946815799044161	6.333594249932521	2.824314406498738	4.000123438212027	5.163821883235594	5.154832537293155	1.82660535175423	4.332883764793333	5.99686980289228	4.560364883003406	4.938485731177418	6.97843339822434	5.071935244014659	4.366193584731957	1.6204461379655861	8.500027349691424	8.130805408394972	7.935486609004588	4.145719055739587	1.0916051080235005	5.861284746058015	4.601532918051876	6.0132949923159185
solucion No. 1 para sistema difuso 1
1.838845971098415	8.802718173871995	5.37883032120688	3.9847432764746498	1.5816256914787457	6.560841482502483	6.036538675596889	5.188825481082682	4.855683363812468	6.687903130164106	6.513323621900233	3.247218914045916	6.799236140525465	4.93293684347905	6.337775296495598	6.4268110962274765	5.626095405225448	4.195001813331769	7.241911877834487	4.174510307756003	7.521278005983294	4.199869590007921	4.062141055125049	8.815596228189472
solucion No. 2 para sistema difuso 1
6.114914815556785	8.081238622421191	4.678707640714856	8.652915866434066	7.566403362421479	2.976967822621971	7.55145933294567	5.950103186790355	3.5805469728955206	7.437101590493005	3.6589765073948346	4.973173300846139	2.8731324716718483	4.423269108622461	2.908558141507215	1.6349467352613414	5.3856292835307515	6.835705184400778	0.8880461404065517	6.98888675892174	4.783308014576039	5.032257714314807	5.730893351042717	7.861325162682576
solucion No. 3 para sistema difuso 1
5.565206014237578	6.793923102462855	7.147703111117172	4.043314621696302	6.501614619913913	4.538806138739996	5.392976875151612	3.362600376289264	4.79531367847525	7.316452564022464	3.12045663260698	3.9282130057073585	0.669401546793199	5.990081221282981	5.506493166456686	3.9391931443162735	5.274630404961991	2.6184174060167305	3.365612225970312	5.951840180963025	2.9934962682020934	8.889339903574172	7.389406861764079	3.8381753079066954
solucion No. 1 para sistema difuso 2
4.675764357280539	7.216796442791381	4.081418320437523	2.9779762719467424	5.804723539876641	4.689222263476633	2.3570261334092586	5.466087322215889	3.395042685205876	3.1158601545141726	5.698756680002792	4.222569550866952	3.579684239744995	5.287083660680094	2.9554728583577026	6.123113509133219	2.2783633237948964	5.740043532949979	3.158692855540539	4.975270945945224	6.475888995249956	0.39567522204486727	5.685084952079809	5.603606515636272
solucion No. 2 para sistema difuso 2
8.197380032599337	7.88221675870454	5.892576602762632	7.035822647059547	8.975921040302413	3.57466024566748	4.844722433180246	4.14927935279273	3.5314941575816787	4.335192947675433	7.763088801544058	0.8808327458036587	7.042762432589352	4.811832872177442	4.626017966791047	4.468551796964321	8.967690933841988	5.061321405988569	4.465366462789926	7.52526575229093	6.534595578701529	8.206142672616856	5.403542208012744	3.8516765892042075
solucion No. 3 para sistema difuso 2
5.136207023900747	7.781341519480402	5.128866128840511	5.354301125462796	3.221433174588798	8.583659658581594	2.5376508109454186	6.987840827863981	7.081846691813824	5.477320549369919	1.5463495477518017	2.595077901259249	2.454082944488562	7.910324334342722	3.6053991419526863	3.545384600749521	8.100178906087061	2.4091441746804216	3.264291088993883	6.124654152230999	5.241297639217625	4.394052537591581	3.0240268271336066	3.690565408506067
